________________________________________________________________________________________________________________________
________________________________________________________________________________________________________________________

DCBR-CBDM的TopK从实际存在的交互中选取：use_observed_ub_rebuild_mask: True

     Epoch| Recall@10 |  NDCG@10  | Recall@20 |  NDCG@20  |
         4|   0.0779  |   0.0624  |   0.1011  |   0.0701  |
         4|   0.0787  |   0.0839  |   0.1027  |   0.0934  |

     Epoch| Recall@10 |  NDCG@10  | Recall@20 |  NDCG@20  |
         9|   0.1034  |   0.0799  |   0.1399  |   0.0919  |
         9|   0.1054  |   0.1078  |   0.1415  |   0.1222  |

     Epoch| Recall@10 |  NDCG@10  | Recall@20 |  NDCG@20  |
        14|   0.1120  |   0.0849  |   0.1534  |   0.0987  |
        14|   0.1132  |   0.1140  |   0.1547  |   0.1307  |

     Epoch| Recall@10 |  NDCG@10  | Recall@20 |  NDCG@20  |
        19|   0.1143  |   0.0863  |   0.1578  |   0.1007  |
        19|   0.1163  |   0.1168  |   0.1588  |   0.1339  |

     Epoch| Recall@10 |  NDCG@10  | Recall@20 |  NDCG@20  |
        24|   0.1152  |   0.0870  |   0.1586  |   0.1014  |
        24|   0.1171  |   0.1178  |   0.1600  |   0.1351  |

________________________________________________________________________________________________________________________
________________________________________________________________________________________________________________________

loss_weight=0.05    step=12    lr=1e-3    topk=3    seed=2026

         4|   0.0874  |   0.0693  |   0.1153  |   0.0785  |
         4|   0.0878  |   0.0928  |   0.1164  |   0.1042  |

         9|   0.1068  |   0.0829  |   0.1436  |   0.0951  |
         9|   0.1077  |   0.1105  |   0.1437  |   0.1248  |

        14|   0.1112  |   0.0850  |   0.1516  |   0.0984  |
        14|   0.1126  |   0.1138  |   0.1531  |   0.1300  |

        19|   0.1117  |   0.0850  |   0.1536  |   0.0988  |
        19|   0.1137  |   0.1143  |   0.1551  |   0.1309  |

        24|   0.1132  |   0.0851  |   0.1552  |   0.0990  |
        24|   0.1143  |   0.1148  |   0.1558  |   0.1314  |

        29|   0.1137  |   0.0852  |   0.1557  |   0.0991  |
        29|   0.1146  |   0.1148  |   0.1570  |   0.1317  |

________________________________________________________________________________________________________________________
________________________________________________________________________________________________________________________

loss_weight=0.05    step=12    lr=1e-3    topk=3

     4|   0.0865  |   0.0685  |   0.1148  |   0.0779  |
     4|   0.0872  |   0.0919  |   0.1155  |   0.1032  |

     9|   0.1053  |   0.0814  |   0.1419  |   0.0935  |
     9|   0.1067  |   0.1101  |   0.1429  |   0.1245  |

    14|   0.1105  |   0.0842  |   0.1504  |   0.0974  |
    14|   0.1122  |   0.1138  |   0.1523  |   0.1298  |

    19|   0.1115  |   0.0844  |   0.1529  |   0.0981  |
    19|   0.1136  |   0.1144  |   0.1551  |   0.1310  |

    24|   0.1113  |   0.0842  |   0.1538  |   0.0982  |
    24|   0.1138  |   0.1143  |   0.1560  |   0.1312  |

    29|   0.1117  |   0.0845  |   0.1553  |   0.0989  |
    29|   0.1144  |   0.1145  |   0.1569  |   0.1315  |

________________________________________________________________________________________________________________________
________________________________________________________________________________________________________________________

权重矩阵保留倒数Top-K （随机采样开关配置）

保留倒数topk=8  随机采样：关闭

     Epoch| Recall@10 |  NDCG@10  | Recall@20 |  NDCG@20  |
         4|   0.0922  |   0.0723  |   0.1225  |   0.0824  |
         4|   0.0932  |   0.0974  |   0.1243  |   0.1097  |

     Epoch| Recall@10 |  NDCG@10  | Recall@20 |  NDCG@20  |
         9|   0.1072  |   0.0816  |   0.1447  |   0.0941  |
         9|   0.1081  |   0.1101  |   0.1468  |   0.1255  |

     Epoch| Recall@10 |  NDCG@10  | Recall@20 |  NDCG@20  |
        11|   0.1085  |   0.0818  |   0.1482  |   0.0949  |
        11|   0.1091  |   0.1100  |   0.1496  |   0.1263  |

     Epoch| Recall@10 |  NDCG@10  | Recall@20 |  NDCG@20  |
        14|   0.1085  |   0.0813  |   0.1502  |   0.0951  |
        14|   0.1093  |   0.1091  |   0.1510  |   0.1259  |

     Epoch| Recall@10 |  NDCG@10  | Recall@20 |  NDCG@20  |
        19|   0.1076  |   0.0802  |   0.1513  |   0.0947  |
        19|   0.1090  |   0.1080  |   0.1525  |   0.1256  |

________________________________________________________________________________________________________________________
________________________________________________________________________________________________________________________
















